unit const_sci;
interface
const
  c=299792458;
  G_u=6.67430e-11;
  h=6.62607e-34;
  k=1.38064e-23;
  Na=6.02214e23;
  R=8.31446;
  g_e=9.80665;
  au=1.49597e11;
  e=2.718281828;
  phi=1.618033988;
  atm=101325;
implementation
end.
